303 488
VERTICES:
0 -46.703709 -23.637879
513 -46.69708 -23.642276
514 -46.696767 -23.640199
516 -46.696797 -23.640441
517 -46.692583 -23.644926
519 -46.696088 -23.636875
8 -46.704085 -23.629195
521 -46.697277 -23.642554
10 -46.703593 -23.628494
523 -46.696176 -23.643252
12 -46.712037 -23.630919
2 -46.706979 -23.628487
14 -46.708081 -23.626846
15 -46.704306 -23.627082
528 -46.691758 -23.641434
17 -46.704738 -23.626818
530 -46.692025 -23.63728
583 -46.692838 -23.646779
20 -46.700986 -23.634393
21 -46.700321 -23.633403
535 -46.696097 -23.640856
24 -46.704201 -23.634789
4 -46.70776 -23.628028
26 -46.703533 -23.634391
27 -46.709123 -23.625817
540 -46.696319 -23.635749
29 -46.709781 -23.626828
30 -46.700742 -23.629184
5 -46.706788 -23.626614
32 -46.701219 -23.629882
33 -46.708724 -23.629412
18 -46.70048 -23.63522
35 -46.710031 -23.631296
1 -46.714114 -23.630534
549 -46.696954 -23.633377
38 -46.701884 -23.632469
551 -46.695725 -23.639085
41 -46.700127 -23.631516
555 -46.697438 -23.634085
598 -46.689906 -23.636534
45 -46.701579 -23.633639
46 -46.699816 -23.632696
93 -46.701542 -23.636618
49 -46.701411 -23.631768
563 -46.698093 -23.636692
52 -46.704858 -23.628746
54 -46.705345 -23.629455
55 -46.706231 -23.635893
568 -46.699361 -23.640134
57 -46.70548 -23.637852
58 -46.708831 -23.631523
571 -46.702005 -23.639665
60 -46.707304 -23.632279
61 -46.706285 -23.632365
574 -46.694247 -23.633977
63 -46.706043 -23.632011
64 -46.707586 -23.626147
577 -46.696853 -23.63791
66 -46.705716 -23.62823
68 -46.70523 -23.627529
69 -46.702332 -23.636147
71 -46.701501 -23.635123
72 -46.706518 -23.637739
585 -46.699916 -23.638606
74 -46.706489 -23.627777
76 -46.699625 -23.630809
589 -46.693882 -23.634186
78 -46.700427 -23.630336
79 -46.704576 -23.629911
592 -46.698356 -23.634551
81 -46.70669 -23.629646
594 -46.697974 -23.633989
83 -46.706206 -23.628948
84 -46.706533 -23.632732
526 -46.692734 -23.64284
86 -46.705738 -23.633188
87 -46.701204 -23.628891
600 -46.698421 -23.635505
89 -46.701523 -23.628698
602 -46.699234 -23.635029
92 -46.705552 -23.631308
605 -46.700417 -23.63532
607 -46.699053 -23.636555
662 -46.695888 -23.646255
609 -46.699347 -23.639641
98 -46.704358 -23.628042
100 -46.705302 -23.630953
101 -46.703472 -23.631528
614 -46.696361 -23.643515
103 -46.702992 -23.630827
104 -46.708257 -23.628746
617 -46.696631 -23.637551
106 -46.707475 -23.629188
619 -46.69729 -23.637159
109 -46.708567 -23.625517
532 -46.691046 -23.635868
113 -46.701321 -23.633262
626 -46.698437 -23.638483
116 -46.709353 -23.627083
630 -46.695127 -23.63944
119 -46.705511 -23.626363
632 -46.698744 -23.634324
633 -46.696136 -23.633864
122 -46.70154 -23.629365
124 -46.704262 -23.637282
640 -46.701954 -23.639828
129 -46.705832 -23.63015
107 -46.708392 -23.625673
132 -46.708569 -23.627559
645 -46.694483 -23.634834
135 -46.70332 -23.628097
136 -46.707178 -23.630357
649 -46.697927 -23.645762
138 -46.707956 -23.629907
139 -46.703781 -23.630367
652 -46.694628 -23.638743
141 -46.703294 -23.62966
142 -46.706907 -23.636498
655 -46.689778 -23.638604
144 -46.702504 -23.630121
657 -46.689312 -23.637931
147 -46.701705 -23.630588
148 -46.705535 -23.635559
110 -46.704143 -23.634113
150 -46.704629 -23.637498
663 -46.700589 -23.638933
152 -46.699543 -23.63386
153 -46.707098 -23.625433
155 -46.70752 -23.625145
156 -46.698836 -23.631275
158 -46.699332 -23.63199
159 -46.706808 -23.631564
161 -46.707049 -23.631912
539 -46.69644 -23.632685
164 -46.705244 -23.632483
678 -46.697238 -23.636202
168 -46.697913 -23.631496
170 -46.700983 -23.635931
172 -46.704273 -23.631067
685 -46.698252 -23.633608
174 -46.701913 -23.628469
687 -46.701132 -23.643879
176 -46.702329 -23.628244
178 -46.703173 -23.632708
180 -46.703881 -23.627321
542 -46.695827 -23.635033
695 -46.700692 -23.639906
23 -46.700801 -23.634104
186 -46.703784 -23.627379
699 -46.690907 -23.637941
188 -46.702913 -23.635337
190 -46.702491 -23.634673
193 -46.706327 -23.630874
195 -46.70092 -23.631051
196 -46.704451 -23.632945
198 -46.703963 -23.632237
711 -46.692222 -23.645151
200 -46.704786 -23.627779
201 -46.702384 -23.633175
206 -46.70387 -23.63705
210 -46.70944 -23.62804
547 -46.699599 -23.640027
212 -46.698564 -23.632438
725 -46.69961 -23.644769
215 -46.699045 -23.633143
7 -46.707271 -23.62732
36 -46.702682 -23.632
218 -46.705053 -23.630599
221 -46.702011 -23.62941
223 -46.708131 -23.625354
90 -46.704759 -23.631775
231 -46.705995 -23.627075
744 -46.697053 -23.635936
636 -46.693505 -23.639397
39 -46.700612 -23.632229
749 -46.696956 -23.632374
240 -46.701094 -23.63293
241 -46.709436 -23.631416
553 -46.695592 -23.639164
761 -46.69161 -23.645024
253 -46.702399 -23.629189
255 -46.702801 -23.628947
43 -46.703669 -23.633416
537 -46.695641 -23.633147
774 -46.70019 -23.644429
641 -46.701851 -23.639777
216 -46.702195 -23.631289
786 -46.702581 -23.639564
275 -46.708873 -23.626385
558 -46.692001 -23.635307
644 -46.697947 -23.637772
282 -46.70495 -23.633652
133 -46.702531 -23.628546
288 -46.706956 -23.636125
291 -46.704859 -23.635172
163 -46.706319 -23.625892
295 -46.70451 -23.631412
298 -46.70003 -23.634561
51 -46.711293 -23.627491
590 -46.693795 -23.634234
319 -46.71022 -23.626543
327 -46.701011 -23.633285
567 -46.695647 -23.63615
653 -46.700892 -23.638033
347 -46.709823 -23.627795
114 -46.708946 -23.627328
364 -46.694573 -23.647744
365 -46.694009 -23.640116
616 -46.69576 -23.643882
367 -46.692871 -23.640766
368 -46.697932 -23.634798
370 -46.697115 -23.635281
371 -46.692179 -23.635197
373 -46.69331 -23.634528
374 -46.692112 -23.635241
376 -46.693379 -23.63648
377 -46.699167 -23.64296
379 -46.698221 -23.641617
380 -46.694419 -23.637874
382 -46.694522 -23.637816
383 -46.688764 -23.63919
385 -46.689075 -23.637571
386 -46.698335 -23.637038
388 -46.698585 -23.637393
389 -46.694426 -23.634914
391 -46.694972 -23.635537
393 -46.697596 -23.635986
394 -46.696632 -23.63776
396 -46.696989 -23.638327
397 -46.699638 -23.643639
399 -46.698505 -23.640584
401 -46.698897 -23.641216
402 -46.695273 -23.644224
404 -46.694838 -23.643592
405 -46.694739 -23.634685
580 -46.699052 -23.643977
407 -46.695339 -23.634333
409 -46.696258 -23.638774
410 -46.697283 -23.632185
184 -46.703114 -23.627784
412 -46.697704 -23.631942
413 -46.702147 -23.63952
415 -46.703149 -23.638474
416 -46.697079 -23.638276
95 -46.703096 -23.636591
418 -46.69753 -23.639007
419 -46.701423 -23.640742
421 -46.700912 -23.641615
423 -46.700781 -23.637066
668 -46.699956 -23.636596
426 -46.69724 -23.640182
427 -46.700698 -23.641985
429 -46.700142 -23.642928
430 -46.693142 -23.636623
432 -46.694137 -23.638032
434 -46.700052 -23.637525
436 -46.693261 -23.636551
670 -46.69924 -23.637012
438 -46.694377 -23.633901
440 -46.694854 -23.63361
441 -46.698502 -23.644306
443 -46.698031 -23.64365
444 -46.695955 -23.642938
446 -46.694988 -23.641507
447 -46.694701 -23.645666
449 -46.693577 -23.646336
450 -46.690633 -23.642086
452 -46.690086 -23.6424
453 -46.695271 -23.63736
455 -46.694296 -23.635945
457 -46.697765 -23.632906
459 -46.695788 -23.643916
461 -46.693726 -23.644251
463 -46.695056 -23.635485
465 -46.695223 -23.635384
467 -46.693305 -23.639105
469 -46.693803 -23.638818
470 -46.699037 -23.645096
472 -46.698796 -23.641265
676 -46.696811 -23.636461
475 -46.693863 -23.642181
476 -46.697889 -23.639798
478 -46.697978 -23.639735
479 -46.696185 -23.636826
481 -46.696311 -23.637028
482 -46.690475 -23.644173
484 -46.697522 -23.645173
166 -46.698068 -23.631729
486 -46.696961 -23.645492
488 -46.691604 -23.643503
490 -46.69087 -23.64394
492 -46.693017 -23.638686
493 -46.699669 -23.642663
495 -46.695335 -23.646581
596 -46.690425 -23.637274
497 -46.699648 -23.637286
499 -46.698198 -23.638141
500 -46.696806 -23.646419
502 -46.69582 -23.645007
505 -46.696943 -23.644343
507 -46.696627 -23.634573
509 -46.698912 -23.636216
511 -46.699728 -23.635734
ARCS:
632 602
379 513
196 198
221 253
20 43
0 124
409 551
51 319
514 516
282 196
79 54
180 15
150 124
614 616
517 488
633 549
519 479
385 598
8 52
2 4
104 33
521 523
555 685
20 71
511 605
401 429
405 645
83 66
368 370
5 7
113 240
253 174
497 499
38 49
493 687
81 129
371 373
516 535
617 619
585 663
83 2
32 221
27 109
645 389
68 231
678 393
393 563
206 291
8 10
195 147
502 402
1 12
215 212
7 14
513 444
377 443
521 513
136 81
377 379
530 532
492 432
380 382
472 493
63 92
196 164
513 535
4 132
133 135
15 17
383 385
133 176
119 231
386 388
136 138
36 178
10 135
139 141
475 367
389 391
142 72
144 141
426 476
488 450
523 444
370 393
103 139
394 396
14 275
198 101
104 210
761 482
18 20
397 377
399 401
298 23
178 198
402 404
295 172
453 519
35 241
288 55
21 23
626 499
695 641
526 488
32 147
63 159
434 497
46 21
148 150
514 426
405 407
655 699
537 539
21 152
27 29
148 291
600 368
461 526
577 416
33 51
365 636
396 409
393 600
626 434
74 2
212 166
210 347
288 142
535 630
410 412
457 685
38 240
153 155
657 385
30 32
98 52
413 415
416 418
33 35
24 26
200 68
419 421
152 632
156 158
36 38
368 555
241 58
633 507
367 528
540 542
39 41
370 540
663 695
376 382
78 32
90 295
365 367
158 41
423 415
76 30
379 426
391 463
542 407
418 478
116 347
23 45
443 505
685 632
159 161
636 467
255 10
598 532
537 633
391 519
427 429
465 542
141 8
46 39
567 479
39 49
427 547
119 163
164 90
43 110
475 526
18 298
41 195
571 640
166 168
1 51
5 64
147 144
641 571
517 711
549 539
139 79
551 553
394 481
170 18
430 432
499 644
41 76
645 463
507 555
497 670
106 81
215 46
407 440
52 54
563 386
55 57
617 577
436 558
542 507
376 455
640 419
505 502
172 101
409 453
174 176
23 20
509 600
415 0
461 517
423 93
58 60
553 380
26 190
670 607
530 430
64 107
153 64
551 514
43 196
649 484
602 511
374 376
636 652
434 423
93 170
592 368
291 24
178 43
607 509
452 383
484 486
653 585
655 657
457 212
282 110
180 98
86 164
430 436
563 509
231 74
774 397
61 63
436 376
388 644
132 114
64 14
184 186
30 87
66 68
441 443
416 396
116 29
69 71
188 190
444 446
404 475
447 449
450 452
453 455
72 57
685 215
540 567
101 36
57 150
426 409
382 551
74 7
488 490
71 170
490 761
76 78
92 193
410 457
402 459
79 8
399 568
295 100
699 530
447 461
255 133
161 60
640 641
725 580
568 609
455 373
463 465
81 83
382 453
418 626
470 441
15 200
568 547
652 432
253 255
478 399
580 441
193 159
619 563
89 174
218 79
526 528
528 450
493 377
589 645
492 530
502 447
379 472
547 695
495 662
614 523
52 66
571 413
49 195
553 630
619 676
467 469
49 216
193 136
60 84
84 61
95 24
103 144
632 592
786 413
476 472
129 218
371 374
472 401
405 574
84 86
87 89
574 438
535 446
98 200
549 457
446 475
54 129
210 114
201 38
412 166
12 35
476 478
386 577
124 206
158 46
463 567
465 405
90 92
129 193
590 373
505 614
172 139
630 652
397 580
141 255
396 476
539 749
107 275
93 69
95 69
68 17
164 63
14 132
479 481
423 668
54 83
482 452
135 184
201 178
10 98
449 583
156 76
438 440
92 100
404 461
444 404
101 103
585 478
443 521
104 106
421 427
449 517
467 492
206 95
163 153
676 540
7 4
216 103
383 655
66 74
45 201
574 589
590 389
138 33
605 18
107 109
69 188
298 152
495 447
29 319
86 282
592 594
110 26
670 388
440 537
446 365
532 558
152 215
147 216
216 36
644 416
596 598
653 434
600 602
212 158
55 148
218 172
144 221
379 516
519 394
364 449
407 633
188 26
676 678
240 39
275 116
45 113
602 298
319 27
114 116
0 93
432 380
500 502
61 161
596 657
455 391
240 21
678 744
749 410
589 590
605 607
484 505
479 676
231 5
663 653
109 223
699 596
516 553
17 119
163 5
176 184
380 436
507 370
100 218
490 482
166 156
186 180
106 138
170 668
4 104
87 122
2 106
195 78
555 549
509 511
668 670
630 365
113 327
481 617
198 90
221 89
190 71
